LAYOUT__TAB_HEIGHT=23
WINDOW__BACKGROUND_COLOR=0.0, 0.18085106, 0.15957445
WINDOW__PERSPECTIVE_SWITCHER_KEY_LINE_COLOR=0.0, 0.05851064, 0.93085104
WINDOW__STATUS_BAR_TEXT_COLOR=209.18918, 0.11702128, 0.84574467
eclipse.preferences.version=1
